       1.0       51.2       95.0
       1.0       14.4       94.9
       1.0       31.2       42.3
       0.0       82.8       40.9
       0.0       55.0        2.8
       0.0       75.4       53.8
       1.0       33.0       78.8
       1.0       30.3       45.3
       1.0       13.4       40.3
       1.0       20.3       26.2
       0.0       75.0       28.0
       1.0       48.5       98.1
       0.0       96.2       72.5
       0.0       54.1       27.7
       1.0       16.1       97.0
       0.0       51.6       11.6
       1.0       62.3       77.7
       1.0       61.3       91.7
       1.0        4.0       52.9
       0.0       45.9        6.2
